1609955;0, 0, 0, 0, 0;magneticHeading 0, acceleration-0.012505, -0.9785925, 0.215025;gyro.attitude 0, 0, 0, 0;gyro.attitude.eulerAngles 0,0,0
1610109;103.986, 30.76812, 30, 0, 30;magneticHeading 4.675385, acceleration-0.017141, -0.9975025, 0.217343;gyro.attitude -0.7766619, 0.04055831, 0.01696932, -0.6283816;gyro.attitude.eulerAngles 77.08524,200.2427,202.1664
1610322;103.9874, 30.76904, 31, 0, 31;magneticHeading 4.860413, acceleration-0.012627, -0.9790804, 0.203313;gyro.attitude -0.7763628, 0.04066408, 0.02040333, -0.6286422;gyro.attitude.eulerAngles 77.02022,201.6339,203.2863
1610330;103.9874, 30.76904, 31, 0, 31;magneticHeading 4.827614, acceleration-0.012627, -0.9790804, 0.203313;gyro.attitude -0.7763755, 0.04089838, 0.02091184, -0.6285944;gyro.attitude.eulerAngles 76.99242,201.8824,203.5124
1610421;103.9874, 30.76904, 31, 0, 31;magneticHeading 4.861488, acceleration-0.021899, -0.9904265, 0.201849;gyro.attitude -0.776565, 0.04284224, 0.02313423, -0.628153;gyro.attitude.eulerAngles 76.81054,203.1637,204.7713
1610431;103.9874, 30.76904, 31, 0, 31;magneticHeading 4.861488, acceleration-0.021899, -0.9904265, 0.201849;gyro.attitude -0.776565, 0.04284224, 0.02313423, -0.628153;gyro.attitude.eulerAngles 76.81054,203.1637,204.7713
1610534;103.9874, 30.76904, 31, 0, 31;magneticHeading 5.684708, acceleration-0.020069, -0.9737125, 0.208925;gyro.attitude -0.7776443, 0.04588705, 0.02603003, -0.6264871;gyro.attitude.eulerAngles 76.40449,204.6338,206.2542
1610542;103.9874, 30.76904, 31, 0, 31;magneticHeading 5.684708, acceleration-0.020069, -0.9737125, 0.208925;gyro.attitude -0.7776443, 0.04588705, 0.02603003, -0.6264871;gyro.attitude.eulerAngles 76.40449,204.6338,206.2542
1610629;103.9874, 30.76904, 31, 0, 31;magneticHeading 5.805992, acceleration-0.012383, -0.9670025, 0.219661;gyro.attitude -0.7784992, 0.04823455, 0.0284811, -0.6251409;gyro.attitude.eulerAngles 76.07127,205.7697,207.3822
1610638;103.9874, 30.76904, 31, 0, 31;magneticHeading 5.805992, acceleration-0.012383, -0.9670025, 0.219661;gyro.attitude -0.7784992, 0.04823455, 0.0284811, -0.6251409;gyro.attitude.eulerAngles 76.07127,205.7697,207.3822
1610739;103.9874, 30.76904, 31, 0, 31;magneticHeading 6.819977, acceleration-0.013603, -0.9759085, 0.223443;gyro.attitude -0.7788367, 0.05018333, 0.03072464, -0.6244605;gyro.attitude.eulerAngles 75.84132,206.8644,208.4533
1610749;103.9874, 30.76904, 31, 0, 31;magneticHeading 6.294632, acceleration-0.013603, -0.9759085, 0.223443;gyro.attitude -0.778827, 0.05054283, 0.03123197, -0.6244185;gyro.attitude.eulerAngles 75.80599,207.1173,208.6942
1610847;103.9874, 30.76904, 31, 0, 31;magneticHeading 6.212875, acceleration-0.012505, -0.9654165, 0.218807;gyro.attitude -0.7786101, 0.05254847, 0.03446969, -0.6243532;gyro.attitude.eulerAngles 75.6114,208.6896,210.1662
1610854;103.9874, 30.76904, 31, 0, 31;magneticHeading 6.934372, acceleration-0.016775, -0.9716385, 0.217099;gyro.attitude -0.7785424, 0.05295035, 0.03512666, -0.624367;gyro.attitude.eulerAngles 75.57451,209.0105,210.4663
1610973;103.9874, 30.76904, 31, 0, 31;magneticHeading 6.18885, acceleration-0.017995, -0.9745665, 0.226249;gyro.attitude -0.7781246, 0.05607876, 0.03908482, -0.6243794;gyro.attitude.eulerAngles 75.30872,211.062,212.4505
1610984;103.9874, 30.76904, 31, 0, 31;magneticHeading 6.18885, acceleration-0.017995, -0.9745665, 0.226249;gyro.attitude -0.7781246, 0.05607876, 0.03908482, -0.6243794;gyro.attitude.eulerAngles 75.30872,211.062,212.4505
1611096;103.9874, 30.76904, 31, 0, 31;magneticHeading 7.501373, acceleration-0.011285, -0.9774945, 0.208071;gyro.attitude -0.776815, 0.062455, 0.04613572, -0.6249234;gyro.attitude.eulerAngles 74.82639,214.8948,216.2288
1611108;103.9874, 30.76904, 31, 0, 31;magneticHeading 7.258873, acceleration-0.011529, -0.9790804, 0.207339;gyro.attitude -0.7764536, 0.06386137, 0.04772675, -0.625111;gyro.attitude.eulerAngles 74.71871,215.7426,217.0617
1611210;103.9874, 30.76904, 31, 0, 31;magneticHeading 9.682838, acceleration-0.003355, -0.998875, 0.1790045;gyro.attitude -0.7729322, 0.07544231, 0.0595955, -0.6271623;gyro.attitude.eulerAngles 73.84573,222.1628,223.4598
1611222;103.9874, 30.76904, 31, 0, 31;magneticHeading 9.815582, acceleration-0.004209, -0.9975025, 0.1779065;gyro.attitude -0.7728061, 0.07594281, 0.06005308, -0.6272136;gyro.attitude.eulerAngles 73.80293,222.3978,223.6983
1611329;103.9874, 30.76904, 31, 0, 31;magneticHeading 11.11495, acceleration0.001037, -0.9766405, 0.203313;gyro.attitude -0.7713336, 0.0836899, 0.06716993, -0.6273186;gyro.attitude.eulerAngles 73.03853,225.653,227.0065
1611342;103.9874, 30.76904, 31, 0, 31;magneticHeading 11.11495, acceleration0.001037, -0.9766405, 0.203313;gyro.attitude -0.7713336, 0.0836899, 0.06716993, -0.6273186;gyro.attitude.eulerAngles 73.03853,225.653,227.0065
1611445;103.9874, 30.76904, 31, 0, 31;magneticHeading 12.4418, acceleration0.007747, -0.9801785, 0.200141;gyro.attitude -0.7694679, 0.09387136, 0.07707295, -0.6270304;gyro.attitude.eulerAngles 71.89519,229.5084,230.8868
1611459;103.9874, 30.76904, 31, 0, 31;magneticHeading 12.4418, acceleration0.008601, -0.9849365, 0.187697;gyro.attitude -0.7694679, 0.09387136, 0.07707295, -0.6270304;gyro.attitude.eulerAngles 71.89519,229.5084,230.8868
1611571;103.9874, 30.76904, 31, 0, 31;magneticHeading 14.02129, acceleration0.008479, -0.9838385, 0.191845;gyro.attitude -0.7665955, 0.1048338, 0.08769202, -0.6274165;gyro.attitude.eulerAngles 70.65881,233.4319,234.8409
1611581;103.9874, 30.76904, 31, 0, 31;magneticHeading 14.84145, acceleration0.007991, -0.9859125, 0.191967;gyro.attitude -0.7661513, 0.1062921, 0.08910224, -0.6275148;gyro.attitude.eulerAngles 70.49306,233.9368,235.3502
1611691;103.9874, 30.76904, 31, 0, 31;magneticHeading 15.3877, acceleration0.009089, -0.9862785, 0.1824205;gyro.attitude -0.7628924, 0.1147931, 0.09766734, -0.628712;gyro.attitude.eulerAngles 69.53014,237.0203,238.4304
1611703;103.9874, 30.76904, 31, 0, 31;magneticHeading 15.3877, acceleration0.007625, -0.9831065, 0.1819325;gyro.attitude -0.7628924, 0.1147931, 0.09766734, -0.628712;gyro.attitude.eulerAngles 69.53014,237.0203,238.4304
1611823;103.9874, 30.76904, 31, 0, 31;magneticHeading 16.44277, acceleration0.005551, -0.9868885, 0.1697325;gyro.attitude -0.7584728, 0.1235977, 0.1069422, -0.630877;gyro.attitude.eulerAngles 68.52396,240.3502,241.7238
1611837;103.9874, 30.76904, 31, 0, 31;magneticHeading 15.77091, acceleration0.001891, -0.9866445, 0.1691225;gyro.attitude -0.7584728, 0.1235977, 0.1069422, -0.630877;gyro.attitude.eulerAngles 68.52396,240.3502,241.7238
1611950;103.9874, 30.76904, 31, 0, 31;magneticHeading 16.63257, acceleration0.009455, -0.9859125, 0.1649745;gyro.attitude -0.7541885, 0.1310772, 0.1145562, -0.633163;gyro.attitude.eulerAngles 67.67095,243.0879,244.4524
1611963;103.9874, 30.76904, 31, 0, 31;magneticHeading 17.79991, acceleration0.009455, -0.9859125, 0.1649745;gyro.attitude -0.7533346, 0.132316, 0.1157655, -0.6337016;gyro.attitude.eulerAngles 67.53954,243.5715,244.9388
1612078;103.9883, 30.76883, 8.206107, 496.4484, 8.206107;magneticHeading 18.87187, acceleration0.004697, -0.9829845, 0.1497245;gyro.attitude -0.7478485, 0.1406589, 0.123864, -0.6368637;gyro.attitude.eulerAngles 66.59357,246.5438,247.9336
1612091;103.9883, 30.76883, 8.206107, 496.4484, 8.206107;magneticHeading 18.26845, acceleration0.001037, -0.9754205, 0.1516765;gyro.attitude -0.7470638, 0.1417602, 0.1250404, -0.6373105;gyro.attitude.eulerAngles 66.4586,246.9474,248.3313
1612187;103.9883, 30.76883, 8.206107, 496.4484, 8.206107;magneticHeading 19.89552, acceleration0.008845001, -0.9843265, 0.1571665;gyro.attitude -0.742308, 0.146727, 0.1313058, -0.6404754;gyro.attitude.eulerAngles 65.82908,249.2452,250.5231
1612199;103.9883, 30.76883, 8.206107, 496.4484, 8.206107;magneticHeading 19.29043, acceleration0.006649, -0.9935985, 0.1482605;gyro.attitude -0.7412192, 0.14759, 0.1326292, -0.641265;gyro.attitude.eulerAngles 65.71156,249.7487,250.9887
1612298;103.9883, 30.76883, 8.206107, 496.4484, 8.206107;magneticHeading 21.57913, acceleration0.0127795, -0.997777, 0.110898;gyro.attitude -0.7352624, 0.1507896, 0.1393003, -0.6459466;gyro.attitude.eulerAngles 65.21272,252.4103,253.3635
1612307;103.9883, 30.76883, 8.206107, 496.4484, 8.206107;magneticHeading 21.57913, acceleration0.0127795, -0.997777, 0.110898;gyro.attitude -0.7352624, 0.1507896, 0.1393003, -0.6459466;gyro.attitude.eulerAngles 65.21272,252.4103,253.3635
1612415;103.9883, 30.76883, 8.206107, 496.4484, 8.206107;magneticHeading 21.33328, acceleration0.0138775, -0.9953066, 0.087474;gyro.attitude -0.7272889, 0.1533371, 0.1476649, -0.6524826;gyro.attitude.eulerAngles 64.66239,255.8078,256.2789
1612429;103.9883, 30.76883, 8.206107, 496.4484, 8.206107;magneticHeading 22.84827, acceleration0.0180255, -1.007781, 0.073444;gyro.attitude -0.7257087, 0.1535512, 0.1490324, -0.6538793;gyro.attitude.eulerAngles 64.59312,256.4583,256.8336
1612551;103.9883, 30.76883, 8.206107, 496.4484, 8.206107;magneticHeading 23.82376, acceleration0.0302255, -1.011563, 0.0604815;gyro.attitude -0.7173858, 0.1548899, 0.1562902, -0.6610144;gyro.attitude.eulerAngles 64.15665,259.7902,259.6738
1612563;103.9883, 30.76883, 8.206107, 496.4484, 8.206107;magneticHeading 23.40232, acceleration0.0264435, -0.9973806, 0.0558455;gyro.attitude -0.716072, 0.155209, 0.1574104, -0.6620974;gyro.attitude.eulerAngles 64.07353,260.2958,260.1128
1612673;103.9883, 30.76883, 8.206107, 496.4484, 8.206107;magneticHeading 23.02193, acceleration0.0225395, -1.010343, 0.0393755;gyro.attitude -0.7083659, 0.1571998, 0.1635993, -0.6683871;gyro.attitude.eulerAngles 63.5714,263.1626,262.6299
1612684;103.9883, 30.76883, 8.206107, 496.4484, 8.206107;magneticHeading 23.02193, acceleration0.0225395, -1.010343, 0.0393755;gyro.attitude -0.7083659, 0.1571998, 0.1635993, -0.6683871;gyro.attitude.eulerAngles 63.5714,263.1626,262.6299
1612795;103.9883, 30.76883, 8.206107, 496.4484, 8.206107;magneticHeading 24.11706, acceleration0.0248575, -1.016809, 0.0347395;gyro.attitude -0.7030299, 0.1599051, 0.168108, -0.6722492;gyro.attitude.eulerAngles 63.05729,264.9808,264.2973
1612806;103.9883, 30.76883, 8.206107, 496.4484, 8.206107;magneticHeading 24.14149, acceleration0.0259555, -1.012417, 0.0315675;gyro.attitude -0.7023019, 0.160562, 0.1688425, -0.6726693;gyro.attitude.eulerAngles 62.95059,265.2047,264.5146
1612912;103.9883, 30.76883, 8.729499, 496.4376, 8.729499;magneticHeading 25.47208, acceleration0.0186355, -1.006805, 0.0209535;gyro.attitude -0.6999878, 0.1649718, 0.1732421, -0.6728957;gyro.attitude.eulerAngles 62.23643,265.7653,265.075
1612924;103.9883, 30.76883, 8.729499, 496.4376, 8.729499;magneticHeading 25.77376, acceleration0.0136335, -1.007415, 0.0266875;gyro.attitude -0.6997471, 0.1660249, 0.1742115, -0.6726366;gyro.attitude.eulerAngles 62.068,265.786,265.1024
1613035;103.9883, 30.76883, 8.729499, 496.4376, 8.729499;magneticHeading 23.87231, acceleration0.004941, -1.001071, 0.0359595;gyro.attitude -0.6982234, 0.1726221, 0.1796523, -0.6711265;gyro.attitude.eulerAngles 61.06493,265.8956,265.3073
1613048;103.9883, 30.76883, 8.729499, 496.4376, 8.729499;magneticHeading 24.25475, acceleration0.001281, -0.998265, 0.0399855;gyro.attitude -0.6982234, 0.1726221, 0.1796523, -0.6711265;gyro.attitude.eulerAngles 61.06493,265.8956,265.3073
1613150;103.9883, 30.76883, 8.729499, 496.4376, 8.729499;magneticHeading 25.84515, acceleration0.0118035, -1.008391, 0.0368135;gyro.attitude -0.6960093, 0.1796979, 0.1850363, -0.6701055;gyro.attitude.eulerAngles 60.03125,266.1615,265.7137
1613164;103.9883, 30.76883, 8.729499, 496.4376, 8.729499;magneticHeading 25.84515, acceleration0.006527, -1.002901, 0.0369355;gyro.attitude -0.6960093, 0.1796979, 0.1850363, -0.6701055;gyro.attitude.eulerAngles 60.03125,266.1615,265.7137
1613265;103.9883, 30.76883, 8.729499, 496.4376, 8.729499;magneticHeading 28.09272, acceleration0.002013, -0.998875, 0.0321775;gyro.attitude -0.6936702, 0.1872432, 0.1912502, -0.6687189;gyro.attitude.eulerAngles 58.88371,266.3969,266.0599
1613276;103.9883, 30.76883, 8.729499, 496.4376, 8.729499;magneticHeading 27.78996, acceleration0.003721, -1.002169, 0.0331535;gyro.attitude -0.6934857, 0.1886925, 0.192377, -0.6681794;gyro.attitude.eulerAngles 58.66549,266.3557,266.0456
1613384;103.9883, 30.76883, 8.729499, 496.4376, 8.729499;magneticHeading 28.45558, acceleration0.003965, -1.020103, 0.0335195;gyro.attitude -0.6933926, 0.2031062, 0.2007309, -0.6615601;gyro.attitude.eulerAngles 56.70992,265.3925,265.5934
1613396;103.9883, 30.76883, 8.729499, 496.4376, 8.729499;magneticHeading 28.19046, acceleration0.002501, -1.017907, 0.0379115;gyro.attitude -0.6935033, 0.2038673, 0.2010868, -0.6611017;gyro.attitude.eulerAngles 56.61192,265.3077,265.5429
1613508;103.9883, 30.76883, 8.729499, 496.4376, 8.729499;magneticHeading 30.0698, acceleration0.0124135, -1.009001, 0.0646295;gyro.attitude -0.6952701, 0.2172128, 0.2072794, -0.653034;gyro.attitude.eulerAngles 54.88733,263.8958,264.74
1613521;103.9883, 30.76883, 8.729499, 496.4376, 8.729499;magneticHeading 30.0698, acceleration0.0124135, -1.009001, 0.0646295;gyro.attitude -0.6952701, 0.2172128, 0.2072794, -0.653034;gyro.attitude.eulerAngles 54.88733,263.8958,264.74
1613619;103.9883, 30.76883, 8.729499, 496.4376, 8.729499;magneticHeading 32.42946, acceleration0.002257, -0.9833505, 0.073444;gyro.attitude -0.6960829, 0.2300689, 0.2149409, -0.6452421;gyro.attitude.eulerAngles 53.07109,262.8362,264.1286
1613628;103.9883, 30.76883, 8.729499, 496.4376, 8.729499;magneticHeading 32.42946, acceleration0.002257, -0.9833505, 0.073444;gyro.attitude -0.6960829, 0.2300689, 0.2149409, -0.6452421;gyro.attitude.eulerAngles 53.07109,262.8362,264.1286
1613731;103.9883, 30.76883, 8.729499, 496.4376, 8.729499;magneticHeading 36.13674, acceleration0.0132675, -1.006561, 0.080398;gyro.attitude -0.6945075, 0.2448677, 0.2244767, -0.638208;gyro.attitude.eulerAngles 50.94543,262.2833,264.0364
1613743;103.9883, 30.76883, 8.729499, 496.4376, 8.729499;magneticHeading 36.13674, acceleration0.0132675, -1.006561, 0.080398;gyro.attitude -0.6945075, 0.2448677, 0.2244767, -0.638208;gyro.attitude.eulerAngles 50.94543,262.2833,264.0364
1613843;103.9883, 30.76883, 8.729499, 496.4376, 8.729499;magneticHeading 36.5542, acceleration0.002135, -0.9914025, 0.09552599;gyro.attitude -0.69503, 0.251496, 0.2278001, -0.6338691;gyro.attitude.eulerAngles 50.04371,261.7065,263.7496
1613855;103.9883, 30.76883, 8.729499, 496.4376, 8.729499;magneticHeading 36.56147, acceleration0.002135, -0.9914025, 0.09552599;gyro.attitude -0.6958275, 0.2577413, 0.2306541, -0.6294379;gyro.attitude.eulerAngles 49.2059,261.0881,263.4299
1613986;103.9884, 30.76876, 7.426525, 515.1591, 7.426525;magneticHeading 39.12947, acceleration-0.007015, -0.9921345, 0.117852;gyro.attitude -0.696425, 0.2659362, 0.2339808, -0.6241179;gyro.attitude.eulerAngles 48.14663,260.3837,263.1561
1613998;103.9884, 30.76876, 7.426525, 515.1591, 7.426525;magneticHeading 39.17292, acceleration-0.006893, -0.9949405, 0.12505;gyro.attitude -0.696448, 0.2673076, 0.2345471, -0.6232933;gyro.attitude.eulerAngles 47.96965,260.2845,263.1285
1614110;103.9884, 30.76876, 7.426525, 515.1591, 7.426525;magneticHeading 39.60502, acceleration-0.010309, -0.9962825, 0.12566;gyro.attitude -0.6953305, 0.2758099, 0.2387013, -0.6192464;gyro.attitude.eulerAngles 46.84361,259.9713,263.2052
1614124;103.9884, 30.76876, 7.426525, 515.1591, 7.426525;magneticHeading 39.60502, acceleration-0.010309, -0.9962825, 0.12566;gyro.attitude -0.6953305, 0.2758099, 0.2387013, -0.6192464;gyro.attitude.eulerAngles 46.84361,259.9713,263.2052
1614228;103.9884, 30.76876, 7.426525, 515.1591, 7.426525;magneticHeading 42.36438, acceleration-0.013359, -0.9960385, 0.1347185;gyro.attitude -0.6932093, 0.2854467, 0.2438289, -0.6152467;gyro.attitude.eulerAngles 45.54406,259.7988,263.4423
1614240;103.9884, 30.76876, 7.426525, 515.1591, 7.426525;magneticHeading 42.36438, acceleration-0.010675, -0.9948185, 0.1365485;gyro.attitude -0.6932093, 0.2854467, 0.2438289, -0.6152467;gyro.attitude.eulerAngles 45.54406,259.7988,263.4423
1614340;103.9884, 30.76876, 7.426525, 515.1591, 7.426525;magneticHeading 43.04054, acceleration-0.024339, -0.9920124, 0.1348405;gyro.attitude -0.6914837, 0.294518, 0.2487946, -0.6109097;gyro.attitude.eulerAngles 44.29231,259.5538,263.5751
1614348;103.9884, 30.76876, 7.426525, 515.1591, 7.426525;magneticHeading 43.04054, acceleration-0.024339, -0.9920124, 0.1348405;gyro.attitude -0.6914837, 0.294518, 0.2487946, -0.6109097;gyro.attitude.eulerAngles 44.29231,259.5538,263.5751
1614449;103.9884, 30.76876, 7.426525, 515.1591, 7.426525;magneticHeading 42.83265, acceleration-0.021045, -0.9949405, 0.1452105;gyro.attitude -0.6898055, 0.3035458, 0.2535501, -0.6064161;gyro.attitude.eulerAngles 43.05423,259.278,263.6956
1614461;103.9884, 30.76876, 7.426525, 515.1591, 7.426525;magneticHeading 42.83265, acceleration-0.021045, -0.9949405, 0.1452105;gyro.attitude -0.6898055, 0.3035458, 0.2535501, -0.6064161;gyro.attitude.eulerAngles 43.05423,259.278,263.6956
1614568;103.9884, 30.76876, 7.426525, 515.1591, 7.426525;magneticHeading 43.46928, acceleration-0.026779, -0.9986311, 0.1420385;gyro.attitude -0.686814, 0.3176169, 0.2610059, -0.5994012;gyro.attitude.eulerAngles 41.11364,258.8891,263.9294
1614579;103.9884, 30.76876, 7.426525, 515.1591, 7.426525;magneticHeading 43.46928, acceleration-0.029829, -0.998753, 0.1359385;gyro.attitude -0.686814, 0.3176169, 0.2610059, -0.5994012;gyro.attitude.eulerAngles 41.11364,258.8891,263.9294
1614679;103.9884, 30.76876, 7.426525, 515.1591, 7.426525;magneticHeading 45.34673, acceleration-0.026291, -0.9888405, 0.1513105;gyro.attitude -0.68513, 0.3247235, 0.2649303, -0.5957881;gyro.attitude.eulerAngles 40.11519,258.7117,264.0569
1614689;103.9884, 30.76876, 7.426525, 515.1591, 7.426525;magneticHeading 45.34673, acceleration-0.026291, -0.9888405, 0.1513105;gyro.attitude -0.68513, 0.3247235, 0.2649303, -0.5957881;gyro.attitude.eulerAngles 40.11519,258.7117,264.0569
1614784;103.9884, 30.76876, 7.426525, 515.1591, 7.426525;magneticHeading 46.51684, acceleration-0.028853, -0.9883525, 0.1535065;gyro.attitude -0.6819352, 0.3348892, 0.2707317, -0.5912004;gyro.attitude.eulerAngles 38.68149,258.5944,264.3641
1614794;103.9884, 30.76876, 7.426525, 515.1591, 7.426525;magneticHeading 47.67447, acceleration-0.031171, -0.9892065, 0.1539945;gyro.attitude -0.6814978, 0.3361506, 0.2713829, -0.5906901;gyro.attitude.eulerAngles 38.51043,258.5845,264.4134
1614899;103.9884, 30.76876, 7.426525, 515.1591, 7.426525;magneticHeading 50.98856, acceleration-0.025559, -0.9892065, 0.1652185;gyro.attitude -0.6780982, 0.3451556, 0.2763605, -0.5870905;gyro.attitude.eulerAngles 37.26018,258.5571,264.7819
1614908;103.9884, 30.76876, 7.426525, 515.1591, 7.426525;magneticHeading 47.85147, acceleration-0.026657, -0.9857904, 0.1632665;gyro.attitude -0.6775842, 0.3462418, 0.2771114, -0.5866904;gyro.attitude.eulerAngles 37.09721,258.5741,264.8337
1615016;103.9883, 30.76874, 6.466162, 507.9559, 6.466162;magneticHeading 51.09175, acceleration-0.033123, -0.9861565, 0.1603385;gyro.attitude -0.6743346, 0.3526104, 0.2819307, -0.5843406;gyro.attitude.eulerAngles 36.10442,258.7138,265.1418
1615026;103.9883, 30.76874, 6.466162, 507.9559, 6.466162;magneticHeading 52.90765, acceleration-0.033123, -0.9861565, 0.1603385;gyro.attitude -0.6736351, 0.353914, 0.282974, -0.5838547;gyro.attitude.eulerAngles 35.89581,258.7472,265.2049
1615136;103.9883, 30.76874, 6.466162, 507.9559, 6.466162;magneticHeading 54.53421, acceleration-0.032757, -0.9951845, 0.1611925;gyro.attitude -0.6693446, 0.3617074, 0.2894297, -0.5808408;gyro.attitude.eulerAngles 34.62393,258.9509,265.5685
1615146;103.9883, 30.76874, 6.466162, 507.9559, 6.466162;magneticHeading 54.53421, acceleration-0.032757, -0.9951845, 0.1611925;gyro.attitude -0.6693446, 0.3617074, 0.2894297, -0.5808408;gyro.attitude.eulerAngles 34.62393,258.9509,265.5685
1615248;103.9883, 30.76874, 6.466162, 507.9559, 6.466162;magneticHeading 53.3013, acceleration-0.035441, -0.9905485, 0.1697325;gyro.attitude -0.666441, 0.3697718, 0.2955404, -0.5760044;gyro.attitude.eulerAngles 33.31084,258.84,265.6783
1615255;103.9883, 30.76874, 6.466162, 507.9559, 6.466162;magneticHeading 53.3013, acceleration-0.035441, -0.9905485, 0.1697325;gyro.attitude -0.666441, 0.3697718, 0.2955404, -0.5760044;gyro.attitude.eulerAngles 33.31084,258.84,265.6783
1615345;103.9883, 30.76874, 6.466162, 507.9559, 6.466162;magneticHeading 55.5406, acceleration-0.024827, -0.9821305, 0.1818105;gyro.attitude -0.6647633, 0.3765467, 0.3001795, -0.5711344;gyro.attitude.eulerAngles 32.22702,258.5869,265.6587
1615353;103.9883, 30.76874, 6.466162, 507.9559, 6.466162;magneticHeading 55.5406, acceleration-0.024827, -0.9821305, 0.1818105;gyro.attitude -0.6647633, 0.3765467, 0.3001795, -0.5711344;gyro.attitude.eulerAngles 32.22702,258.5869,265.6587
1615446;103.9883, 30.76874, 6.466162, 507.9559, 6.466162;magneticHeading 58.8133, acceleration-0.028853, -0.9726145, 0.1709525;gyro.attitude -0.6625419, 0.3833144, 0.3053945, -0.5664296;gyro.attitude.eulerAngles 31.09392,258.4276,265.6833
1615453;103.9883, 30.76874, 6.466162, 507.9559, 6.466162;magneticHeading 59.06631, acceleration-0.024339, -0.9768845, 0.1760765;gyro.attitude -0.6620155, 0.3846775, 0.3063964, -0.5655793;gyro.attitude.eulerAngles 30.87168,258.4073,265.7046
1615554;103.9883, 30.76874, 6.466162, 507.9559, 6.466162;magneticHeading 57.86651, acceleration-0.034709, -0.9925005, 0.1791265;gyro.attitude -0.659064, 0.3915264, 0.3110403, -0.561779;gyro.attitude.eulerAngles 29.79746,258.3445,265.8882
1615566;103.9883, 30.76874, 6.466162, 507.9559, 6.466162;magneticHeading 57.94777, acceleration-0.038735, -0.9938425, 0.1753445;gyro.attitude -0.6584542, 0.392939, 0.3120301, -0.5609581;gyro.attitude.eulerAngles 29.57175,258.33,265.9221
1615684;103.9883, 30.76874, 6.466162, 507.9559, 6.466162;magneticHeading 60.31944, acceleration-0.032879, -0.9905485, 0.185867;gyro.attitude -0.6545113, 0.4032434, 0.3186675, -0.5544914;gyro.attitude.eulerAngles 27.95907,258.1104,266.1136
1615698;103.9883, 30.76874, 6.466162, 507.9559, 6.466162;magneticHeading 58.75529, acceleration-0.031171, -0.9871325, 0.186233;gyro.attitude -0.6537526, 0.4053727, 0.3197609, -0.5532029;gyro.attitude.eulerAngles 27.65011,258.0482,266.1628
1615807;103.9883, 30.76874, 6.466162, 507.9559, 6.466162;magneticHeading 63.2357, acceleration-0.027755, -0.9728584, 0.191723;gyro.attitude -0.6499032, 0.415302, 0.325588, -0.5469391;gyro.attitude.eulerAngles 26.13453,257.8013,266.3749
1615819;103.9883, 30.76874, 6.466162, 507.9559, 6.466162;magneticHeading 63.74697, acceleration-0.025559, -0.9759085, 0.190259;gyro.attitude -0.6493011, 0.4165763, 0.3263329, -0.546241;gyro.attitude.eulerAngles 25.94223,257.7854,266.4187
1615919;103.9883, 30.76874, 6.466162, 507.9559, 6.466162;magneticHeading 63.36008, acceleration-0.030927, -0.9729805, 0.195749;gyro.attitude -0.6445758, 0.4251197, 0.3316717, -0.5420231;gyro.attitude.eulerAngles 24.62954,257.7799,266.7858
1615928;103.9883, 30.76872, 4.985235, 500.3259, 4.985235;magneticHeading 63.36008, acceleration-0.030927, -0.9729805, 0.195749;gyro.attitude -0.6445758, 0.4251197, 0.3316717, -0.5420231;gyro.attitude.eulerAngles 24.62954,257.7799,266.7858
1616027;103.9883, 30.76872, 4.985235, 500.3259, 4.985235;magneticHeading 65.95116, acceleration-0.032147, -0.999485, 0.200263;gyro.attitude -0.6366102, 0.4381983, 0.3412389, -0.535038;gyro.attitude.eulerAngles 22.46758,257.8446,267.3061
1616038;103.9883, 30.76872, 4.985235, 500.3259, 4.985235;magneticHeading 68.12509, acceleration-0.030683, -0.9932325, 0.191357;gyro.attitude -0.6363177, 0.4386849, 0.341643, -0.5347291;gyro.attitude.eulerAngles 22.38126,257.8454,267.3197
1616137;103.9883, 30.76872, 4.985235, 500.3259, 4.985235;magneticHeading 68.03544, acceleration-0.027145, -0.9772505, 0.189161;gyro.attitude -0.6318299, 0.4472788, 0.3482152, -0.5286576;gyro.attitude.eulerAngles 20.88815,257.7311,267.4894
1616147;103.9883, 30.76872, 4.985235, 500.3259, 4.985235;magneticHeading 68.03544, acceleration-0.027145, -0.9772505, 0.189161;gyro.attitude -0.6318299, 0.4472788, 0.3482152, -0.5286576;gyro.attitude.eulerAngles 20.88815,257.7311,267.4894
1616244;103.9883, 30.76872, 4.985235, 500.3259, 4.985235;magneticHeading 69.85455, acceleration-0.031659, -0.9783485, 0.204899;gyro.attitude -0.6278262, 0.4559154, 0.3535969, -0.522441;gyro.attitude.eulerAngles 19.48644,257.4995,267.666
1616255;103.9883, 30.76872, 4.985235, 500.3259, 4.985235;magneticHeading 69.58958, acceleration-0.032513, -0.9794465, 0.206363;gyro.attitude -0.6273881, 0.4567849, 0.3541153, -0.5218564;gyro.attitude.eulerAngles 19.34793,257.4801,267.6902
1616374;103.9883, 30.76872, 4.985235, 500.3259, 4.985235;magneticHeading 72.26963, acceleration-0.033977, -0.9824965, 0.210145;gyro.attitude -0.6222039, 0.4664459, 0.3604698, -0.5151232;gyro.attitude.eulerAngles 17.74277,257.2982,267.945
1616387;103.9883, 30.76872, 4.985235, 500.3259, 4.985235;magneticHeading 73.83643, acceleration-0.029463, -0.9795685, 0.211121;gyro.attitude -0.6217008, 0.4674181, 0.3611421, -0.5143781;gyro.attitude.eulerAngles 17.57596,257.2754,267.9639
1616480;103.9883, 30.76872, 4.985235, 500.3259, 4.985235;magneticHeading 74.68092, acceleration-0.024461, -0.9698085, 0.224175;gyro.attitude -0.6184103, 0.4729539, 0.36558, -0.5101318;gyro.attitude.eulerAngles 16.56702,257.2072,268.0772
1616491;103.9883, 30.76872, 4.985235, 500.3259, 4.985235;magneticHeading 74.68092, acceleration-0.024461, -0.9698085, 0.224175;gyro.attitude -0.6184103, 0.4729539, 0.36558, -0.5101318;gyro.attitude.eulerAngles 16.56702,257.2072,268.0772
1616597;103.9883, 30.76872, 4.985235, 500.3259, 4.985235;magneticHeading 77.47402, acceleration-0.017019, -0.9832284, 0.214903;gyro.attitude -0.6123396, 0.4816592, 0.3728637, -0.5040013;gyro.attitude.eulerAngles 14.95459,257.2081,268.3408
1616610;103.9883, 30.76872, 4.985235, 500.3259, 4.985235;magneticHeading 79.02452, acceleration-0.021655, -0.9763965, 0.213927;gyro.attitude -0.6116737, 0.4825184, 0.3736648, -0.5033943;gyro.attitude.eulerAngles 14.78697,257.2166,268.3678
1616711;103.9883, 30.76872, 4.985235, 500.3259, 4.985235;magneticHeading 79.20488, acceleration-0.027877, -0.9832284, 0.206485;gyro.attitude -0.608049, 0.4872007, 0.377962, -0.5000566;gyro.attitude.eulerAngles 13.87658,257.2549,268.5151
1616723;103.9883, 30.76872, 4.985235, 500.3259, 4.985235;magneticHeading 79.20488, acceleration-0.024339, -0.9818865, 0.212463;gyro.attitude -0.608049, 0.4872007, 0.377962, -0.5000566;gyro.attitude.eulerAngles 13.87658,257.2549,268.5151
1616836;103.9883, 30.76872, 4.985235, 500.3259, 4.985235;magneticHeading 80.99978, acceleration-0.016165, -0.9731025, 0.213439;gyro.attitude -0.6032348, 0.4944914, 0.3835296, -0.4944603;gyro.attitude.eulerAngles 12.5474,257.1656,268.71
1616848;103.9883, 30.76872, 4.985235, 500.3259, 4.985235;magneticHeading 80.99978, acceleration-0.016165, -0.9731025, 0.213439;gyro.attitude -0.6032348, 0.4944914, 0.3835296, -0.4944603;gyro.attitude.eulerAngles 12.5474,257.1656,268.71
1616983;103.9883, 30.76871, 4.175397, 497.3914, 4.175397;magneticHeading 81.4902, acceleration-0.020801, -0.9757865, 0.226981;gyro.attitude -0.5998505, 0.4990779, 0.3876546, -0.4907388;gyro.attitude.eulerAngles 11.64225,257.1515,268.8186
1616993;103.9883, 30.76871, 4.175397, 497.3914, 4.175397;magneticHeading 82.39539, acceleration-0.024339, -0.9842045, 0.216733;gyro.attitude -0.5994248, 0.4994076, 0.3882283, -0.49047;gyro.attitude.eulerAngles 11.55049,257.1776,268.8267
1617104;103.9883, 30.76871, 4.175397, 497.3914, 4.175397;magneticHeading 84.43539, acceleration-0.023851, -0.9750545, 0.206241;gyro.attitude -0.5972055, 0.5005205, 0.3916376, -0.4893309;gyro.attitude.eulerAngles 11.09388,257.383,268.8282
1617115;103.9883, 30.76871, 4.175397, 497.3914, 4.175397;magneticHeading 84.43539, acceleration-0.023851, -0.9750545, 0.206241;gyro.attitude -0.5972055, 0.5005205, 0.3916376, -0.4893309;gyro.attitude.eulerAngles 11.09388,257.383,268.8282
1617217;103.9883, 30.76871, 4.175397, 497.3914, 4.175397;magneticHeading 81.99316, acceleration-0.015433, -0.9770064, 0.199043;gyro.attitude -0.5949266, 0.4994222, 0.3944377, -0.4909773;gyro.attitude.eulerAngles 10.96498,257.8446,268.8889
1617231;103.9883, 30.76871, 4.175397, 497.3914, 4.175397;magneticHeading 80.46226, acceleration-0.016653, -0.9760305, 0.200873;gyro.attitude -0.5947166, 0.4990182, 0.3948216, -0.4913338;gyro.attitude.eulerAngles 10.97393,257.9222,268.8826
1617335;103.9883, 30.76871, 4.175397, 497.3914, 4.175397;magneticHeading 80.50653, acceleration-0.016653, -0.9768845, 0.204289;gyro.attitude -0.5936443, 0.4962441, 0.3971536, -0.4935556;gyro.attitude.eulerAngles 11.05917,258.4,268.8154
1617348;103.9883, 30.76871, 4.175397, 497.3914, 4.175397;magneticHeading 81.2139, acceleration-0.017629, -0.9788365, 0.200995;gyro.attitude -0.5932563, 0.4957017, 0.3977886, -0.4940556;gyro.attitude.eulerAngles 11.05985,258.519,268.8103
1617446;103.9883, 30.76871, 4.175397, 497.3914, 4.175397;magneticHeading 83.3085, acceleration-0.027023, -0.9933545, 0.1759545;gyro.attitude -0.5905149, 0.4926846, 0.4013607, -0.4974571;gyro.attitude.eulerAngles 11.07088,259.2596,268.8558
1617455;103.9883, 30.76871, 4.175397, 497.3914, 4.175397;magneticHeading 83.3085, acceleration-0.027023, -0.9933545, 0.1759545;gyro.attitude -0.5905149, 0.4926846, 0.4013607, -0.4974571;gyro.attitude.eulerAngles 11.07088,259.2596,268.8558
1617565;103.9883, 30.76871, 4.175397, 497.3914, 4.175397;magneticHeading 84.95042, acceleration-0.029097, -0.9813985, 0.1522865;gyro.attitude -0.5862122, 0.4907742, 0.4067834, -0.5000232;gyro.attitude.eulerAngles 10.77553,260.0934,268.9364
1617579;103.9883, 30.76871, 4.175397, 497.3914, 4.175397;magneticHeading 84.57654, acceleration-0.027755, -0.9829845, 0.1586305;gyro.attitude -0.5851399, 0.4910791, 0.4079848, -0.500001;gyro.attitude.eulerAngles 10.62822,260.2115,268.9692
1617693;103.9883, 30.76871, 4.175397, 497.3914, 4.175397;magneticHeading 84.43512, acceleration-0.031781, -0.9833505, 0.1588745;gyro.attitude -0.5778833, 0.4952213, 0.415101, -0.4984956;gyro.attitude.eulerAngles 9.497864,260.759,269.2729
1617707;103.9883, 30.76871, 4.175397, 497.3914, 4.175397;magneticHeading 86.55964, acceleration-0.031781, -0.9807885, 0.1571665;gyro.attitude -0.5735413, 0.4979512, 0.4189549, -0.4975658;gyro.attitude.eulerAngles 8.830441,261.0452,269.4813
1617815;103.9883, 30.76871, 4.175397, 497.3914, 4.175397;magneticHeading 86.80997, acceleration-0.023851, -0.9715165, 0.1422825;gyro.attitude -0.5650787, 0.503119, 0.4256353, -0.4963786;gyro.attitude.eulerAngles 7.625386,261.5945,269.9446
1617829;103.9883, 30.76871, 4.175397, 497.3914, 4.175397;magneticHeading 85.52607, acceleration-0.021777, -0.9685885, 0.1315465;gyro.attitude -0.564531, 0.5033607, 0.4261326, -0.4963301;gyro.attitude.eulerAngles 7.549964,261.6398,269.9671
1617940;103.9882, 30.76871, 3.898035, 496.0889, 3.898035;magneticHeading 91.51552, acceleration-0.003843, -0.9914025, 0.097112;gyro.attitude -0.5565727, 0.5036996, 0.4341351, -0.4980364;gyro.attitude.eulerAngles 6.721283,262.6545,270.2023
1617952;103.9882, 30.76871, 3.898035, 496.0889, 3.898035;magneticHeading 89.87131, acceleration-0.009821001, -1.000095, 0.090036;gyro.attitude -0.5514518, 0.5014551, 0.4397682, -0.5010465;gyro.attitude.eulerAngles 6.405141,263.5803,270.2888
1618053;103.9882, 30.76871, 3.898035, 496.0889, 3.898035;magneticHeading 89.7066, acceleration-0.013725, -1.020103, 0.07808;gyro.attitude -0.5478588, 0.497142, 0.4447512, -0.504873;gyro.attitude.eulerAngles 6.372347,264.5379,270.236
1618062;103.9882, 30.76871, 3.898035, 496.0889, 3.898035;magneticHeading 89.7066, acceleration-0.011041, -1.013515, 0.069174;gyro.attitude -0.5478588, 0.497142, 0.4447512, -0.504873;gyro.attitude.eulerAngles 6.372347,264.5379,270.236
1618169;103.9882, 30.76871, 3.898035, 496.0889, 3.898035;magneticHeading 90.48507, acceleration0.000183, -0.998753, 0.0312015;gyro.attitude -0.5410067, 0.4909062, 0.4545674, -0.5095991;gyro.attitude.eulerAngles 6.032533,266.1164,270.0784
1618182;103.9882, 30.76871, 3.898035, 496.0889, 3.898035;magneticHeading 93.07188, acceleration0.004941, -1.006683, 0.0200995;gyro.attitude -0.5400611, 0.4899864, 0.4558593, -0.5103329;gyro.attitude.eulerAngles 5.99791,266.3389,270.0606
1618300;103.9882, 30.76871, 3.898035, 496.0889, 3.898035;magneticHeading 91.62626, acceleration0.006893, -1.009001, 0.0249795;gyro.attitude -0.5352554, 0.482841, 0.4623726, -0.5163116;gyro.attitude.eulerAngles 6.097016,267.7368,269.9669
1618314;103.9882, 30.76871, 3.898035, 496.0889, 3.898035;magneticHeading 91.70996, acceleration0.005795, -1.001803, 0.0188795;gyro.attitude -0.534613, 0.4816084, 0.4632295, -0.5173593;gyro.attitude.eulerAngles 6.141461,267.9529,269.9547
1618409;103.9882, 30.76871, 3.898035, 496.0889, 3.898035;magneticHeading 94.62399, acceleration0.004819, -1.010953, -0.031537;gyro.attitude -0.5313431, 0.4749324, 0.4666782, -0.5237606;gyro.attitude.eulerAngles 6.506269,269.0904,269.9868
1618421;103.9882, 30.76871, 3.898035, 496.0889, 3.898035;magneticHeading 94.62399, acceleration0.004819, -1.010953, -0.031537;gyro.attitude -0.5313431, 0.4749324, 0.4666782, -0.5237606;gyro.attitude.eulerAngles 6.506269,269.0904,269.9868
1618539;103.9882, 30.76871, 3.898035, 496.0889, 3.898035;magneticHeading 87.77169, acceleration-0.005429, -0.999363, -0.019581;gyro.attitude -0.5293764, 0.4605388, 0.4684027, -0.5369017;gyro.attitude.eulerAngles 7.874917,270.8867,270.0416
1618550;103.9882, 30.76871, 3.898035, 496.0889, 3.898035;magneticHeading 87.77169, acceleration-0.005429, -0.999363, -0.019581;gyro.attitude -0.5293764, 0.4605388, 0.4684027, -0.5369017;gyro.attitude.eulerAngles 7.874917,270.8867,270.0416
1618658;103.9882, 30.76871, 3.898035, 496.0889, 3.898035;magneticHeading 86.38998, acceleration0.000793, -0.9834725, -0.025071;gyro.attitude -0.5295212, 0.4500091, 0.4688825, -0.5452048;gyro.attitude.eulerAngles 8.93954,271.9839,269.9717
1618670;103.9882, 30.76871, 3.898035, 496.0889, 3.898035;magneticHeading 85.39619, acceleration0.001281, -0.9860345, -0.026169;gyro.attitude -0.5295212, 0.4500091, 0.4688825, -0.5452048;gyro.attitude.eulerAngles 8.93954,271.9839,269.9717
1618772;103.9882, 30.76871, 3.898035, 496.0889, 3.898035;magneticHeading 84.0218, acceleration0.0129015, -0.9864005, -0.0581635;gyro.attitude -0.5288455, 0.4406925, 0.4703569, -0.5521566;gyro.attitude.eulerAngles 9.755591,273.0376,269.8938
1618781;103.9882, 30.76871, 3.898035, 496.0889, 3.898035;magneticHeading 84.0218, acceleration0.004697, -1.008879, -0.0882975;gyro.attitude -0.5288455, 0.4406925, 0.4703569, -0.5521566;gyro.attitude.eulerAngles 9.755591,273.0376,269.8938
1618885;103.9882, 30.76871, 3.898035, 496.0889, 3.898035;magneticHeading 83.40079, acceleration6.1E-05, -1.018395, -0.0845155;gyro.attitude -0.5250621, 0.433269, 0.4724121, -0.5598343;gyro.attitude.eulerAngles 10.28429,274.265,270.1324
1618899;103.9882, 30.76871, 3.898035, 496.0889, 3.898035;magneticHeading 83.66535, acceleration-0.001281, -1.001437, -0.0829295;gyro.attitude -0.5244585, 0.432036, 0.4727157, -0.5610952;gyro.attitude.eulerAngles 10.37454,274.4649,270.1728
1619009;103.9882, 30.76871, 3.790092, 494.7045, 3.790092;magneticHeading 85.62616, acceleration-0.004941, -1.017907, -0.120536;gyro.attitude -0.5206062, 0.4266842, 0.474692, -0.5670778;gyro.attitude.eulerAngles 10.68219,275.4786,270.4241
1619021;103.9882, 30.76871, 3.790092, 494.7045, 3.790092;magneticHeading 86.6902, acceleration-0.004941, -1.017907, -0.120536;gyro.attitude -0.5198392, 0.4259782, 0.4750986, -0.5679711;gyro.attitude.eulerAngles 10.70452,275.6431,270.4721
1619130;103.9882, 30.76871, 3.790092, 494.7045, 3.790092;magneticHeading 83.58797, acceleration0.007015, -0.9801785, -0.117608;gyro.attitude -0.5160623, 0.4226039, 0.476604, -0.5726554;gyro.attitude.eulerAngles 10.84907,276.4408,270.7617
1619141;103.9882, 30.76871, 3.790092, 494.7045, 3.790092;magneticHeading 83.58797, acceleration0.004087, -0.9839605, -0.125172;gyro.attitude -0.5160623, 0.4226039, 0.476604, -0.5726554;gyro.attitude.eulerAngles 10.84907,276.4408,270.7617
1619240;103.9882, 30.76871, 3.790092, 494.7045, 3.790092;magneticHeading 83.53413, acceleration0.010431, -0.9812765, -0.116022;gyro.attitude -0.5131577, 0.4183962, 0.4771192, -0.5779022;gyro.attitude.eulerAngles 11.17815,277.216,271.0544
1619249;103.9882, 30.76871, 3.790092, 494.7045, 3.790092;magneticHeading 83.53413, acceleration0.010431, -0.9812765, -0.116022;gyro.attitude -0.5131577, 0.4183962, 0.4771192, -0.5779022;gyro.attitude.eulerAngles 11.17815,277.216,271.0544
1619345;103.9882, 30.76871, 3.790092, 494.7045, 3.790092;magneticHeading 83.92213, acceleration0.0213195, -0.9925005, -0.1744905;gyro.attitude -0.5107952, 0.4134595, 0.4770609, -0.5835687;gyro.attitude.eulerAngles 11.63507,277.998,271.3457
1619356;103.9882, 30.76871, 3.790092, 494.7045, 3.790092;magneticHeading 85.77138, acceleration0.0219295, -0.9909145, -0.1744905;gyro.attitude -0.5104062, 0.4121062, 0.4769055, -0.5849916;gyro.attitude.eulerAngles 11.77654,278.1812,271.4103
1619470;103.9882, 30.76871, 3.790092, 494.7045, 3.790092;magneticHeading 77.78344, acceleration0.008479, -1.037427, -0.1681465;gyro.attitude -0.5110224, 0.4003145, 0.4722357, -0.5963202;gyro.attitude.eulerAngles 13.37836,279.2994,271.8672
1619483;103.9882, 30.76871, 3.790092, 494.7045, 3.790092;magneticHeading 77.78344, acceleration0.000305, -1.038647, -0.1621685;gyro.attitude -0.5110224, 0.4003145, 0.4722357, -0.5963202;gyro.attitude.eulerAngles 13.37836,279.2994,271.8672
1619590;103.9882, 30.76871, 3.790092, 494.7045, 3.790092;magneticHeading 79.09405, acceleration0.011163, -0.9850585, -0.1883985;gyro.attitude -0.5194775, 0.3883099, 0.4620524, -0.6048685;gyro.attitude.eulerAngles 15.64001,279.4868,271.9818
1619603;103.9882, 30.76871, 3.790092, 494.7045, 3.790092;magneticHeading 78.63013, acceleration0.0137555, -0.9831065, -0.1879105;gyro.attitude -0.5198863, 0.3878319, 0.4615623, -0.6051981;gyro.attitude.eulerAngles 15.73874,279.4849,271.9861
1619724;103.9882, 30.76871, 3.790092, 494.7045, 3.790092;magneticHeading 72.66008, acceleration0.009333, -0.9931105, -0.13908;gyro.attitude -0.5309334, 0.3757987, 0.4478292, -0.6134607;gyro.attitude.eulerAngles 18.35033,279.3235,272.1204
1619739;103.9882, 30.76871, 3.790092, 494.7045, 3.790092;magneticHeading 73.16602, acceleration0.010309, -0.9960385, -0.140666;gyro.attitude -0.531453, 0.3752531, 0.4471843, -0.6138151;gyro.attitude.eulerAngles 18.47031,279.3126,272.1249
1619841;103.9882, 30.76871, 3.790092, 494.7045, 3.790092;magneticHeading 71.479, acceleration-0.003111, -0.9916465, -0.14823;gyro.attitude -0.538776, 0.3693444, 0.4381219, -0.617539;gyro.attitude.eulerAngles 19.98626,278.9751,272.1673
1619855;103.9882, 30.76871, 3.790092, 494.7045, 3.790092;magneticHeading 71.34548, acceleration-0.003111, -0.9916465, -0.14823;gyro.attitude -0.5433261, 0.3661087, 0.4323761, -0.6195256;gyro.attitude.eulerAngles 20.8925,278.7128,272.1896
1619960;103.9882, 30.7687, 3.790092, 493.1761, 3.790092;magneticHeading 65.60833, acceleration-0.020923, -0.9728584, -0.116754;gyro.attitude -0.5501118, 0.3599958, 0.4225006, -0.6239175;gyro.attitude.eulerAngles 22.47324,278.4358,272.3407
1619971;103.9882, 30.7687, 3.790092, 493.1761, 3.790092;magneticHeading 65.60833, acceleration-0.020923, -0.9728584, -0.116754;gyro.attitude -0.5501118, 0.3599958, 0.4225006, -0.6239175;gyro.attitude.eulerAngles 22.47324,278.4358,272.3407
1620077;103.9882, 30.7687, 3.790092, 493.1761, 3.790092;magneticHeading 63.39687, acceleration-0.017629, -0.9871325, -0.118584;gyro.attitude -0.5566391, 0.3516291, 0.4100941, -0.6311361;gyro.attitude.eulerAngles 24.4707,278.4037,272.7679
1620090;103.9882, 30.7687, 3.790092, 493.1761, 3.790092;magneticHeading 65.5285, acceleration-0.018605, -0.9976245, -0.1281;gyro.attitude -0.5569724, 0.3509724, 0.4093116, -0.6317152;gyro.attitude.eulerAngles 24.60636,278.4244,272.8049
1620202;103.9882, 30.7687, 3.790092, 493.1761, 3.790092;magneticHeading 62.7438, acceleration-0.007869001, -1.000949, -0.134566;gyro.attitude -0.5592599, 0.345848, 0.4040335, -0.6359043;gyro.attitude.eulerAngles 25.58205,278.623,273.0487
1620214;103.9882, 30.7687, 3.790092, 493.1761, 3.790092;magneticHeading 62.35958, acceleration-0.007869001, -1.000949, -0.134566;gyro.attitude -0.5598078, 0.3446988, 0.4029404, -0.6367393;gyro.attitude.eulerAngles 25.79275,278.6617,273.0883
1620356;103.9882, 30.7687, 3.790092, 493.1761, 3.790092;magneticHeading 58.71027, acceleration0.004819, -0.9881085, -0.141642;gyro.attitude -0.5639956, 0.3364122, 0.3953442, -0.6422139;gyro.attitude.eulerAngles 27.28484,278.8983,273.3042
1620368;103.9882, 30.7687, 3.790092, 493.1761, 3.790092;magneticHeading 58.71027, acceleration0.004819, -0.9881085, -0.141642;gyro.attitude -0.5639956, 0.3364122, 0.3953442, -0.6422139;gyro.attitude.eulerAngles 27.28484,278.8983,273.3042
1620488;103.9882, 30.7687, 3.790092, 493.1761, 3.790092;magneticHeading 55.73272, acceleration0.0213195, -0.9920124, -0.1618025;gyro.attitude -0.5671443, 0.3279518, 0.3902413, -0.6469209;gyro.attitude.eulerAngles 28.54406,279.2755,273.4013
1620500;103.9882, 30.7687, 3.790092, 493.1761, 3.790092;magneticHeading 55.73272, acceleration0.0213195, -0.9920124, -0.1618025;gyro.attitude -0.5671443, 0.3279518, 0.3902413, -0.6469209;gyro.attitude.eulerAngles 28.54406,279.2755,273.4013
1620605;103.9882, 30.7687, 3.790092, 493.1761, 3.790092;magneticHeading 56.11534, acceleration0.0220515, -0.9850585, -0.149938;gyro.attitude -0.5695769, 0.3216562, 0.3864657, -0.6502029;gyro.attitude.eulerAngles 29.47626,279.537,273.4543
1620616;103.9882, 30.7687, 3.790092, 493.1761, 3.790092;magneticHeading 55.88018, acceleration0.0220515, -0.9850585, -0.149938;gyro.attitude -0.5701432, 0.3204327, 0.3856505, -0.6507944;gyro.attitude.eulerAngles 29.66593,279.5739,273.4587
1620731;103.9882, 30.7687, 3.790092, 493.1761, 3.790092;magneticHeading 55.32935, acceleration0.0249795, -0.9829845, -0.141886;gyro.attitude -0.5734598, 0.3135843, 0.3804565, -0.6542642;gyro.attitude.eulerAngles 30.78234,279.7585,273.5231
1620743;103.9882, 30.7687, 3.790092, 493.1761, 3.790092;magneticHeading 56.30408, acceleration0.0249795, -0.9829845, -0.141886;gyro.attitude -0.5741142, 0.3124889, 0.3795384, -0.6547474;gyro.attitude.eulerAngles 30.9705,279.7691,273.5229
1620844;103.9882, 30.7687, 3.790092, 493.1761, 3.790092;magneticHeading 52.60215, acceleration0.0161955, -0.9877425, -0.134932;gyro.attitude -0.5774852, 0.3069468, 0.3747206, -0.6571749;gyro.attitude.eulerAngles 31.93651,279.8098,273.5259
1620857;103.9882, 30.7687, 3.790092, 493.1761, 3.790092;magneticHeading 52.95657, acceleration0.0118035, -0.9910365, -0.144448;gyro.attitude -0.5781552, 0.3059699, 0.373825, -0.6575513;gyro.attitude.eulerAngles 32.11195,279.8047,273.5186
1620970;103.9882, 30.7687, 3.790092, 492.8171, 3.790092;magneticHeading 51.90536, acceleration0.0230275, -0.9854245, -0.12688;gyro.attitude -0.581343, 0.301301, 0.3690026, -0.6596174;gyro.attitude.eulerAngles 32.99504,279.7833,273.5378
1620983;103.9882, 30.7687, 3.790092, 492.8171, 3.790092;magneticHeading 51.27406, acceleration0.0177815, -0.9868885, -0.13176;gyro.attitude -0.5816948, 0.300581, 0.3683007, -0.6600278;gyro.attitude.eulerAngles 33.12457,279.8011,273.5579
1621149;103.9882, 30.7687, 3.790092, 492.8171, 3.790092;magneticHeading 51.43403, acceleration0.0263215, -1.010343, -0.151402;gyro.attitude -0.584866, 0.2978178, 0.3634647, -0.6611577;gyro.attitude.eulerAngles 33.84065,279.5969,273.5652
1621163;103.9882, 30.7687, 3.790092, 492.8171, 3.790092;magneticHeading 51.43403, acceleration0.0263215, -1.010343, -0.151402;gyro.attitude -0.584866, 0.2978178, 0.3634647, -0.6611577;gyro.attitude.eulerAngles 33.84065,279.5969,273.5652
1621284;103.9882, 30.7687, 3.790092, 492.8171, 3.790092;magneticHeading 50.22787, acceleration0.0248575, -0.9816425, -0.0983015;gyro.attitude -0.5913163, 0.299989, 0.3589248, -0.6569054;gyro.attitude.eulerAngles 34.16172,278.3878,272.9813
1621298;103.9882, 30.7687, 3.790092, 492.8171, 3.790092;magneticHeading 50.29221, acceleration0.0248575, -0.9816425, -0.0983015;gyro.attitude -0.592496, 0.3001692, 0.3580146, -0.6562564;gyro.attitude.eulerAngles 34.24471,278.1854,272.881
1621422;103.9882, 30.7687, 3.790092, 492.8171, 3.790092;magneticHeading 52.30122, acceleration0.0186355, -0.9953066, -0.0808555;gyro.attitude -0.5988845, 0.3010833, 0.3523311, -0.653107;gyro.attitude.eulerAngles 34.75786,277.0877,272.3997
1621435;103.9882, 30.7687, 3.790092, 492.8171, 3.790092;magneticHeading 54.00712, acceleration0.0144875, -1.001071, -0.0908595;gyro.attitude -0.5995903, 0.3012195, 0.3516924, -0.6527408;gyro.attitude.eulerAngles 34.81168,276.9619,272.346
1621567;103.9882, 30.7687, 3.790092, 492.8171, 3.790092;magneticHeading 51.50034, acceleration0.0236375, -1.007049, -0.0830515;gyro.attitude -0.6044025, 0.3026679, 0.3467461, -0.6502745;gyro.attitude.eulerAngles 35.18072,276.0525,272.0284
1621579;103.9882, 30.7687, 3.790092, 492.8171, 3.790092;magneticHeading 51.50034, acceleration0.0236375, -1.007049, -0.0830515;gyro.attitude -0.6044025, 0.3026679, 0.3467461, -0.6502745;gyro.attitude.eulerAngles 35.18072,276.0525,272.0284
1621691;103.9882, 30.7687, 3.790092, 492.8171, 3.790092;magneticHeading 51.09016, acceleration0.0286395, -0.998021, -0.0530395;gyro.attitude -0.610255, 0.3036342, 0.3409763, -0.6474027;gyro.attitude.eulerAngles 35.6687,274.9989,271.5975
1621704;103.9882, 30.7687, 3.790092, 492.8171, 3.790092;magneticHeading 51.31634, acceleration0.0211975, -1.001193, -0.0541375;gyro.attitude -0.6114744, 0.303562, 0.3397434, -0.646934;gyro.attitude.eulerAngles 35.79599,274.8019,271.5081
1621824;103.9882, 30.7687, 3.790092, 492.8171, 3.790092;magneticHeading 50.23996, acceleration0.0170495, -0.9962825, -0.031903;gyro.attitude -0.6197012, 0.3014108, 0.3319089, -0.6441726;gyro.attitude.eulerAngles 36.74875,273.5951,270.8305
1621836;103.9882, 30.7687, 3.790092, 492.8171, 3.790092;magneticHeading 49.39065, acceleration0.0171715, -1.000095, -0.025315;gyro.attitude -0.6210562, 0.3007669, 0.3306299, -0.6438262;gyro.attitude.eulerAngles 36.92862,273.4178,270.7129
1621968;103.9882, 30.76869, 3.790092, 492.3699, 3.790092;magneticHeading 47.93642, acceleration0.0352275, -1.009245, -0.006893;gyro.attitude -0.6305647, 0.2965422, 0.3220358, -0.6408929;gyro.attitude.eulerAngles 38.11592,272.1052,269.8079
1621979;103.9882, 30.76869, 3.790092, 492.3699, 3.790092;magneticHeading 47.93642, acceleration0.0340075, -1.007293, -0.009699;gyro.attitude -0.6305647, 0.2965422, 0.3220358, -0.6408929;gyro.attitude.eulerAngles 38.11592,272.1052,269.8079
1622105;103.9882, 30.76869, 3.790092, 492.3699, 3.790092;magneticHeading 47.31753, acceleration0.0240035, -0.9966484, 0.006527;gyro.attitude -0.6403008, 0.2924187, 0.3122366, -0.6379768;gyro.attitude.eulerAngles 39.3745,270.668,268.8916
1622118;103.9882, 30.76869, 3.790092, 492.3699, 3.790092;magneticHeading 49.36304, acceleration0.0254675, -1.001193, 0.009577;gyro.attitude -0.6416982, 0.2918082, 0.3106397, -0.6376317;gyro.attitude.eulerAngles 39.57145,270.4566,268.7699
1622229;103.9882, 30.76869, 3.790092, 492.3699, 3.790092;magneticHeading 45.94616, acceleration0.0188795, -0.9868885, 0.0159515;gyro.attitude -0.6494906, 0.2880164, 0.3017359, -0.6357388;gyro.attitude.eulerAngles 40.6928,269.2758,268.0526
1622241;103.9882, 30.76869, 3.790092, 492.3699, 3.790092;magneticHeading 45.94616, acceleration0.0188795, -0.9868885, 0.0159515;gyro.attitude -0.6494906, 0.2880164, 0.3017359, -0.6357388;gyro.attitude.eulerAngles 40.6928,269.2758,268.0526
1622367;103.9882, 30.76869, 3.790092, 492.3699, 3.790092;magneticHeading 43.06961, acceleration0.0232715, -0.9948185, 0.0364475;gyro.attitude -0.6563252, 0.2818495, 0.2916074, -0.6362101;gyro.attitude.eulerAngles 42.1244,268.4236,267.5585
1622380;103.9882, 30.76869, 3.790092, 492.3699, 3.790092;magneticHeading 42.15719, acceleration0.0209535, -1.003145, 0.0247355;gyro.attitude -0.6570735, 0.2806561, 0.2901816, -0.636617;gyro.attitude.eulerAngles 42.35529,268.3695,267.5258
1622496;103.9882, 30.76869, 3.790092, 492.3699, 3.790092;magneticHeading 43.34184, acceleration0.0222955, -0.999119, 0.0236375;gyro.attitude -0.6624059, 0.2711604, 0.2807962, -0.6394089;gyro.attitude.eulerAngles 44.01247,268.0383,267.1901
1622507;103.9882, 30.76869, 3.790092, 492.3699, 3.790092;magneticHeading 43.34184, acceleration0.0222955, -0.999119, 0.0236375;gyro.attitude -0.6624059, 0.2711604, 0.2807962, -0.6394089;gyro.attitude.eulerAngles 44.01247,268.0383,267.1901
1622624;103.9882, 30.76869, 3.790092, 492.3699, 3.790092;magneticHeading 40.69138, acceleration0.0255895, -1.000583, 0.0272975;gyro.attitude -0.6703566, 0.2572269, 0.267704, -0.642488;gyro.attitude.eulerAngles 46.35839,267.4182,266.5038
1622637;103.9882, 30.76869, 3.790092, 492.3699, 3.790092;magneticHeading 39.73557, acceleration0.0255895, -1.000583, 0.0272975;gyro.attitude -0.6703566, 0.2572269, 0.267704, -0.642488;gyro.attitude.eulerAngles 46.35839,267.4182,266.5038
1622760;103.9882, 30.76869, 3.790092, 492.3699, 3.790092;magneticHeading 38.15411, acceleration0.0259555, -0.9967705, 0.0410835;gyro.attitude -0.6774459, 0.2422621, 0.2553329, -0.6458956;gyro.attitude.eulerAngles 48.71213,266.9379,265.8061
1622773;103.9882, 30.76869, 3.790092, 492.3699, 3.790092;magneticHeading 38.15411, acceleration0.0259555, -0.9967705, 0.0410835;gyro.attitude -0.6774459, 0.2422621, 0.2553329, -0.6458956;gyro.attitude.eulerAngles 48.71213,266.9379,265.8061
1622895;103.9882, 30.76869, 3.790092, 492.3699, 3.790092;magneticHeading 37.04751, acceleration0.0318115, -1.001925, 0.0412055;gyro.attitude -0.6844238, 0.2273702, 0.2424111, -0.648925;gyro.attitude.eulerAngles 51.08197,266.325,265.0324
1622908;103.9882, 30.76869, 3.790092, 492.3699, 3.790092;magneticHeading 33.90029, acceleration0.0301035, -1.006195, 0.0383995;gyro.attitude -0.6847223, 0.2266525, 0.2418019, -0.6490885;gyro.attitude.eulerAngles 51.19477,266.3008,264.9993
1623016;103.9882, 30.7687, 3.790092, 492.7184, 3.790092;magneticHeading 34.51244, acceleration0.0200995, -1.009367, 0.0296155;gyro.attitude -0.688987, 0.2171023, 0.2333751, -0.6509221;gyro.attitude.eulerAngles 52.71397,265.8658,264.4742
1623028;103.9882, 30.7687, 3.790092, 492.7184, 3.790092;magneticHeading 35.36639, acceleration0.0236375, -1.013881, 0.0275415;gyro.attitude -0.6915838, 0.2117386, 0.2283611, -0.651713;gyro.attitude.eulerAngles 53.58347,265.5324,264.1145
1623141;103.9882, 30.7687, 3.790092, 492.7184, 3.790092;magneticHeading 31.6767, acceleration0.0360815, -0.9932325, 0.0621895;gyro.attitude -0.6971811, 0.2022883, 0.2185131, -0.6521273;gyro.attitude.eulerAngles 55.17463,264.5777,263.1999
1623157;103.9882, 30.7687, 3.790092, 492.7184, 3.790092;magneticHeading 32.02748, acceleration0.0368135, -0.9905485, 0.0662155;gyro.attitude -0.697973, 0.2010153, 0.2172132, -0.6521081;gyro.attitude.eulerAngles 55.38438,264.4291,263.0543
1623261;103.9882, 30.7687, 3.790092, 492.7184, 3.790092;magneticHeading 29.85936, acceleration0.0265655, -0.9964045, 0.0654835;gyro.attitude -0.7032669, 0.1923541, 0.2079177, -0.6520627;gyro.attitude.eulerAngles 56.8415,263.368,262.0522
1623277;103.9882, 30.7687, 3.790092, 492.7184, 3.790092;magneticHeading 28.50645, acceleration0.0236375, -0.9876205, 0.073444;gyro.attitude -0.7060887, 0.1877643, 0.2025826, -0.6520303;gyro.attitude.eulerAngles 57.64055,262.7405,261.4902
1623400;103.9882, 30.7687, 3.790092, 492.7184, 3.790092;magneticHeading 26.95815, acceleration0.0186355, -1.001193, 0.074908;gyro.attitude -0.7093714, 0.1816412, 0.1954317, -0.6523842;gyro.attitude.eulerAngles 58.7121,261.9861,260.8257
1623413;103.9882, 30.7687, 3.790092, 492.7184, 3.790092;magneticHeading 26.53232, acceleration0.0186355, -1.001193, 0.074908;gyro.attitude -0.7101192, 0.1803632, 0.1938464, -0.6523981;gyro.attitude.eulerAngles 58.94089,261.7983,260.6644
1623526;103.9882, 30.7687, 3.790092, 492.7184, 3.790092;magneticHeading 25.66496, acceleration0.0236375, -1.004853, 0.09028;gyro.attitude -0.7159461, 0.1714493, 0.1821112, -0.6518142;gyro.attitude.eulerAngles 60.56131,260.1656,259.2724
1623539;103.9882, 30.7687, 3.790092, 492.7184, 3.790092;magneticHeading 25.67022, acceleration0.0254675, -1.002047, 0.09333;gyro.attitude -0.7167351, 0.1704357, 0.1808059, -0.6515763;gyro.attitude.eulerAngles 60.73683,259.9247,259.0563
1623645;103.9882, 30.7687, 3.790092, 492.7184, 3.790092;magneticHeading 24.20788, acceleration0.0281515, -1.001681, 0.092964;gyro.attitude -0.7212127, 0.164645, 0.1736404, -0.6500716;gyro.attitude.eulerAngles 61.70298,258.4996,257.748
1623658;103.9882, 30.7687, 3.790092, 492.7184, 3.790092;magneticHeading 23.95239, acceleration0.0293715, -0.999851, 0.102236;gyro.attitude -0.7221133, 0.1634703, 0.1722532, -0.6497374;gyro.attitude.eulerAngles 61.89082,258.201,257.4674
1623794;103.9882, 30.7687, 3.790092, 492.7184, 3.790092;magneticHeading 23.47565, acceleration0.0335195, -0.9934765, 0.122;gyro.attitude -0.7302302, 0.154215, 0.1616842, -0.6456313;gyro.attitude.eulerAngles 63.25916,255.3188,254.6967
1623804;103.9882, 30.7687, 3.790092, 492.7184, 3.790092;magneticHeading 22.80846, acceleration0.0338855, -0.9829845, 0.1382565;gyro.attitude -0.7309124, 0.1533087, 0.1607809, -0.6453006;gyro.attitude.eulerAngles 63.38262,255.0643,254.4421
1623897;103.9882, 30.7687, 3.790092, 492.7184, 3.790092;magneticHeading 21.85727, acceleration0.0310795, -0.9898165, 0.1280085;gyro.attitude -0.7370133, 0.1445113, 0.1515332, -0.6426239;gyro.attitude.eulerAngles 64.61509,252.6075,252.0243
1623906;103.9882, 30.7687, 3.790092, 492.7184, 3.790092;magneticHeading 21.85727, acceleration0.0310795, -0.9898165, 0.1280085;gyro.attitude -0.7370133, 0.1445113, 0.1515332, -0.6426239;gyro.attitude.eulerAngles 64.61509,252.6075,252.0243
1624023;103.9882, 30.7687, 3.790092, 492.7184, 3.790092;magneticHeading 20.62529, acceleration0.0419375, -0.9901825, 0.1522865;gyro.attitude -0.7427282, 0.135662, 0.143951, -0.6397099;gyro.attitude.eulerAngles 65.67223,250.1181,249.4311
1624036;103.9882, 30.7687, 3.790092, 492.7184, 3.790092;magneticHeading 20.70554, acceleration0.0407175, -0.9926225, 0.1460645;gyro.attitude -0.7433237, 0.1347524, 0.143282, -0.6393605;gyro.attitude.eulerAngles 65.76765,249.8516,249.1447
1624153;103.9882, 30.7687, 3.790092, 492.7184, 3.790092;magneticHeading 18.03706, acceleration0.0380335, -0.9774945, 0.1663165;gyro.attitude -0.7490342, 0.1257368, 0.1363537, -0.6360391;gyro.attitude.eulerAngles 66.71367,247.1168,246.2385
1624166;103.9882, 30.7687, 3.790092, 492.7184, 3.790092;magneticHeading 17.77528, acceleration0.0419375, -0.9844486, 0.1658285;gyro.attitude -0.7498331, 0.1247098, 0.1353813, -0.6355073;gyro.attitude.eulerAngles 66.82139,246.713,245.8303
1624279;103.9882, 30.7687, 3.790092, 492.7184, 3.790092;magneticHeading 16.76876, acceleration0.0340075, -0.9839605, 0.1769305;gyro.attitude -0.7549176, 0.1186757, 0.1286995, -0.632022;gyro.attitude.eulerAngles 67.47345,243.996,243.1678
1624290;103.9882, 30.7687, 3.790092, 492.7184, 3.790092;magneticHeading 16.85699, acceleration0.0337635, -0.9837164, 0.1742465;gyro.attitude -0.75577, 0.1178237, 0.1276669, -0.6313719;gyro.attitude.eulerAngles 67.55696,243.5338,242.7206
1624402;103.9882, 30.7687, 3.790092, 492.7184, 3.790092;magneticHeading 14.95948, acceleration0.0304695, -0.9655385, 0.200873;gyro.attitude -0.7599182, 0.1137752, 0.1229164, -0.6280693;gyro.attitude.eulerAngles 67.90982,241.2574,240.5027
1624414;103.9882, 30.7687, 3.790092, 492.7184, 3.790092;magneticHeading 16.13065, acceleration0.0326655, -0.9762745, 0.195871;gyro.attitude -0.7606956, 0.1129828, 0.1220224, -0.6274453;gyro.attitude.eulerAngles 67.97448,240.8195,240.0732
1624521;103.9882, 30.7687, 3.790092, 492.7184, 3.790092;magneticHeading 15.23695, acceleration0.0305915, -0.9760305, 0.201117;gyro.attitude -0.7644125, 0.1082538, 0.1167339, -0.6247622;gyro.attitude.eulerAngles 68.41584,238.5218,237.8223
1624533;103.9882, 30.7687, 3.790092, 492.7184, 3.790092;magneticHeading 15.23695, acceleration0.0305915, -0.9760305, 0.201117;gyro.attitude -0.7644125, 0.1082538, 0.1167339, -0.6247622;gyro.attitude.eulerAngles 68.41584,238.5218,237.8223
1624659;103.9882, 30.7687, 3.790092, 492.7184, 3.790092;magneticHeading 14.66143, acceleration0.0305915, -0.9765185, 0.209047;gyro.attitude -0.7660478, 0.1030652, 0.1111089, -0.6246623;gyro.attitude.eulerAngles 69.08958,236.9009,236.2381
1624674;103.9882, 30.7687, 3.790092, 492.7184, 3.790092;magneticHeading 13.77471, acceleration0.0287615, -0.9763965, 0.205997;gyro.attitude -0.766111, 0.1025067, 0.1105034, -0.6247841;gyro.attitude.eulerAngles 69.17223,236.7661,236.1073
1624792;103.9882, 30.7687, 3.790092, 492.7184, 3.790092;magneticHeading 13.4697, acceleration0.0309575, -0.9688325, 0.195993;gyro.attitude -0.7652835, 0.1004071, 0.1076865, -0.6266284;gyro.attitude.eulerAngles 69.63123,236.6237,236.0244
1624805;103.9882, 30.7687, 3.790092, 492.7184, 3.790092;magneticHeading 14.6737, acceleration0.0301035, -0.9666365, 0.193431;gyro.attitude -0.7648339, 0.1002724, 0.1073724, -0.6272525;gyro.attitude.eulerAngles 69.71091,236.7645,236.1801
1624929;103.9882, 30.76869, 3.790092, 492.3541, 3.790092;magneticHeading 15.3625, acceleration0.0302255, -0.9812765, 0.1742465;gyro.attitude -0.7598252, 0.09903994, 0.1064872, -0.6336538;gyro.attitude.eulerAngles 70.36282,238.7608,238.1484
1624942;103.9882, 30.76869, 3.790092, 492.3541, 3.790092;magneticHeading 14.52341, acceleration0.0373015, -0.9784705, 0.1785165;gyro.attitude -0.7588491, 0.09869558, 0.1064764, -0.6348779;gyro.attitude.eulerAngles 70.48186,239.1782,238.5385
1625060;103.9882, 30.76869, 3.790092, 492.3541, 3.790092;magneticHeading 14.60235, acceleration0.0274195, -0.9793245, 0.114558;gyro.attitude -0.7518585, 0.09850577, 0.1085062, -0.6428311;gyro.attitude.eulerAngles 70.95438,242.6363,241.8147
1625074;103.9882, 30.76869, 3.790092, 492.3541, 3.790092;magneticHeading 13.5224, acceleration0.0298595, -0.9720045, 0.123586;gyro.attitude -0.7506141, 0.09885424, 0.1091458, -0.6441222;gyro.attitude.eulerAngles 70.97835,243.3112,242.4657
1625179;103.9882, 30.76869, 3.790092, 492.3541, 3.790092;magneticHeading 14.1727, acceleration0.0210755, -1.002535, 0.101382;gyro.attitude -0.7438956, 0.1006272, 0.1114396, -0.6512101;gyro.attitude.eulerAngles 71.16232,246.8359,245.9478
1625192;103.9882, 30.76869, 3.790092, 492.3541, 3.790092;magneticHeading 14.12769, acceleration0.0210755, -1.002535, 0.101382;gyro.attitude -0.7424929, 0.1010037, 0.1118584, -0.6526793;gyro.attitude.eulerAngles 71.1954,247.5693,246.6777
1625323;103.9882, 30.76869, 3.790092, 492.3541, 3.790092;magneticHeading 15.94416, acceleration0.0315675, -0.9823745, 0.086742;gyro.attitude -0.7278122, 0.1050674, 0.1178346, -0.6673569;gyro.attitude.eulerAngles 71.20191,255.3496,254.3011
1625334;103.9882, 30.76869, 3.790092, 492.3541, 3.790092;magneticHeading 15.0164, acceleration0.0299815, -0.9882305, 0.076982;gyro.attitude -0.7272753, 0.1053145, 0.118125, -0.6678518;gyro.attitude.eulerAngles 71.18124,255.6331,254.5809
1625448;103.9882, 30.76869, 3.790092, 492.3541, 3.790092;magneticHeading 15.41566, acceleration0.0137555, -1.023397, 0.0358375;gyro.attitude -0.7179619, 0.1100431, 0.1235197, -0.676139;gyro.attitude.eulerAngles 70.68238,260.4018,259.2941
1625460;103.9882, 30.76869, 3.790092, 492.3541, 3.790092;magneticHeading 15.41566, acceleration0.0137555, -1.023397, 0.0358375;gyro.attitude -0.7179619, 0.1100431, 0.1235197, -0.676139;gyro.attitude.eulerAngles 70.68238,260.4018,259.2941
1625571;103.9882, 30.76869, 3.790092, 492.3541, 3.790092;magneticHeading 17.14092, acceleration0.0183915, -0.9960385, 0.0171715;gyro.attitude -0.7105802, 0.1132319, 0.1289234, -0.682373;gyro.attitude.eulerAngles 70.1467,264.0013,262.7105
1625584;103.9882, 30.76869, 3.790092, 492.3541, 3.790092;magneticHeading 17.42636, acceleration0.0232715, -0.9915245, 0.0188795;gyro.attitude -0.7093003, 0.1138583, 0.129924, -0.6834099;gyro.attitude.eulerAngles 70.03474,264.5987,263.2768
1625701;103.9882, 30.76869, 3.790092, 492.3541, 3.790092;magneticHeading 19.49012, acceleration0.0227835, -1.003023, -0.000549;gyro.attitude -0.7015744, 0.1179034, 0.1367198, -0.6893473;gyro.attitude.eulerAngles 69.23097,268.0258,266.4757
1625714;103.9882, 30.76869, 3.790092, 492.3541, 3.790092;magneticHeading 19.29202, acceleration0.0302255, -1.002413, -0.002135;gyro.attitude -0.7003489, 0.1186009, 0.1378997, -0.6902383;gyro.attitude.eulerAngles 69.08407,268.5378,266.9476
1625822;103.9882, 30.76869, 3.790092, 492.3541, 3.790092;magneticHeading 18.84631, acceleration0.0203435, -1.009611, -0.021289;gyro.attitude -0.6944011, 0.1224772, 0.1432777, -0.6944623;gyro.attitude.eulerAngles 68.3375,270.8712,269.1552
1625836;103.9882, 30.76869, 3.790092, 492.3541, 3.790092;magneticHeading 19.84591, acceleration0.0203435, -1.009611, -0.021289;gyro.attitude -0.6931996, 0.1232729, 0.1442848, -0.6953129;gyro.attitude.eulerAngles 68.18806,271.3195,269.5856
1625957;103.9882, 30.7687, 3.790092, 492.2987, 3.790092;magneticHeading 21.10886, acceleration0.0315675, -1.004975, -0.036783;gyro.attitude -0.6863819, 0.1293521, 0.1522327, -0.699266;gyro.attitude.eulerAngles 67.00574,273.5658,271.6738
1625970;103.9882, 30.7687, 3.790092, 492.2987, 3.790092;magneticHeading 21.10886, acceleration0.0315675, -1.004975, -0.036783;gyro.attitude -0.6863819, 0.1293521, 0.1522327, -0.699266;gyro.attitude.eulerAngles 67.00574,273.5658,271.6738
1626096;103.9882, 30.7687, 3.790092, 492.2987, 3.790092;magneticHeading 21.68903, acceleration0.0232715, -1.002047, -0.042151;gyro.attitude -0.6802639, 0.1349119, 0.159935, -0.7024676;gyro.attitude.eulerAngles 65.8633,275.3433,273.2698
1626110;103.9882, 30.7687, 3.790092, 492.2987, 3.790092;magneticHeading 21.74693, acceleration0.0231495, -0.999729, -0.0484035;gyro.attitude -0.679337, 0.1358063, 0.161069, -0.7029329;gyro.attitude.eulerAngles 65.68678,275.5914,273.4973
1626223;103.9882, 30.7687, 3.790092, 492.2987, 3.790092;magneticHeading 21.99676, acceleration0.0260775, -1.005097, -0.0707295;gyro.attitude -0.6745982, 0.1398257, 0.1666777, -0.7053968;gyro.attitude.eulerAngles 64.83772,276.8528,274.6233
1626236;103.9882, 30.7687, 3.790092, 492.2987, 3.790092;magneticHeading 22.92907, acceleration0.0260775, -1.005097, -0.0707295;gyro.attitude -0.6735535, 0.1404964, 0.16774, -0.7060097;gyro.attitude.eulerAngles 64.68049,277.1422,274.8796
1626344;103.9882, 30.7687, 3.790092, 492.2987, 3.790092;magneticHeading 23.56475, acceleration0.0221735, -1.001193, -0.0791475;gyro.attitude -0.6677094, 0.1444259, 0.1742531, -0.7091835;gyro.attitude.eulerAngles 63.73069,278.656,276.174
1626356;103.9882, 30.7687, 3.790092, 492.2987, 3.790092;magneticHeading 23.45759, acceleration0.0193675, -0.9964045, -0.0769515;gyro.attitude -0.6667986, 0.1450843, 0.1753799, -0.709628;gyro.attitude.eulerAngles 63.56865,278.8733,276.3515
1626461;103.9882, 30.7687, 3.790092, 492.2987, 3.790092;magneticHeading 23.56382, acceleration0.0282735, -0.9873765, -0.0781715;gyro.attitude -0.6622899, 0.1486504, 0.1812257, -0.7116406;gyro.attitude.eulerAngles 62.71612,279.8668,277.1504
1626474;103.9882, 30.7687, 3.790092, 492.2987, 3.790092;magneticHeading 25.03225, acceleration0.0320555, -0.9896945, -0.0834175;gyro.attitude -0.6613721, 0.1493657, 0.1823389, -0.71206;gyro.attitude.eulerAngles 62.54868,280.0635,277.3129
1626585;103.9882, 30.7687, 3.790092, 492.2987, 3.790092;magneticHeading 25.78217, acceleration0.0224175, -0.9960385, -0.108702;gyro.attitude -0.6555383, 0.1539678, 0.1889081, -0.7147567;gyro.attitude.eulerAngles 61.51348,281.2596,278.3383
1626599;103.9882, 30.7687, 3.790092, 492.2987, 3.790092;magneticHeading 25.78217, acceleration0.0238815, -1.007659, -0.104188;gyro.attitude -0.6555383, 0.1539678, 0.1889081, -0.7147567;gyro.attitude.eulerAngles 61.51348,281.2596,278.3383
1626722;103.9882, 30.7687, 3.790092, 492.2987, 3.790092;magneticHeading 26.27913, acceleration0.0127795, -0.9937205, -0.129442;gyro.attitude -0.6476761, 0.1602201, 0.1979311, -0.7181005;gyro.attitude.eulerAngles 60.08524,282.7059,279.5427
1626733;103.9882, 30.7687, 3.790092, 492.2987, 3.790092;magneticHeading 26.74324, acceleration0.0194895, -0.9950625, -0.139202;gyro.attitude -0.6465973, 0.1612007, 0.1994068, -0.7184451;gyro.attitude.eulerAngles 59.8599,282.8713,279.6649
1626851;103.9882, 30.7687, 3.790092, 492.2987, 3.790092;magneticHeading 28.98428, acceleration0.0285175, -1.002901, -0.156038;gyro.attitude -0.6398212, 0.1651378, 0.2079657, -0.7211856;gyro.attitude.eulerAngles 58.66856,284.1046,280.4998
1626866;103.9882, 30.7687, 3.790092, 492.2987, 3.790092;magneticHeading 29.95724, acceleration0.0371795, -1.024617, -0.15067;gyro.attitude -0.6386129, 0.165587, 0.209372, -0.7217463;gyro.attitude.eulerAngles 58.48403,284.3445,280.6575
1626984;103.9882, 30.7687, 3.790092, 492.2394, 3.790092;magneticHeading 29.49596, acceleration-0.002867, -0.9805445, -0.2748355;gyro.attitude -0.6242213, 0.1653159, 0.2129126, -0.7332712;gyro.attitude.eulerAngles 57.67744,288.0913,284.0751
1626997;103.9882, 30.7687, 3.790092, 492.2394, 3.790092;magneticHeading 26.08898, acceleration-0.022265, -1.011075, -0.2132865;gyro.attitude -0.6227178, 0.1647048, 0.2127009, -0.734747;gyro.attitude.eulerAngles 57.67347,288.558,284.508
1627101;103.9882, 30.7687, 3.790092, 492.2394, 3.790092;magneticHeading 28.47641, acceleration0.101382, -0.8786135, -0.022631;gyro.attitude -0.6300358, 0.1599599, 0.2132483, -0.7293784;gyro.attitude.eulerAngles 58.30388,287.1505,282.6609
1627115;103.9882, 30.7687, 3.790092, 492.2394, 3.790092;magneticHeading 27.89114, acceleration0.0481595, -0.92659, -0.0813435;gyro.attitude -0.6327941, 0.1639313, 0.2166861, -0.7250829;gyro.attitude.eulerAngles 57.84519,285.8544,281.4047
1627231;103.9882, 30.7687, 3.790092, 492.2394, 3.790092;magneticHeading 27.52919, acceleration0.074908, -0.9694425, -0.0806115;gyro.attitude -0.6184037, 0.150435, 0.2127987, -0.7413925;gyro.attitude.eulerAngles 58.53235,291.3317,286.0799
1627242;103.9882, 30.7687, 3.790092, 492.2394, 3.790092;magneticHeading 27.52919, acceleration0.0281515, -1.020469, -0.035807;gyro.attitude -0.6184037, 0.150435, 0.2127987, -0.7413925;gyro.attitude.eulerAngles 58.53235,291.3317,286.0799
1627366;103.9882, 30.7687, 3.790092, 492.2394, 3.790092;magneticHeading 33.7295, acceleration0.0626775, -0.9699305, -0.2148725;gyro.attitude -0.6316783, 0.1633745, 0.2224354, -0.7244403;gyro.attitude.eulerAngles 57.40995,286.013,281.0255
1627375;103.9882, 30.7687, 3.790092, 492.2394, 3.790092;magneticHeading 33.7295, acceleration0.07198, -0.9774945, -0.222223;gyro.attitude -0.6316783, 0.1633745, 0.2224354, -0.7244403;gyro.attitude.eulerAngles 57.40995,286.013,281.0255
1627492;103.9882, 30.7687, 3.790092, 492.2394, 3.790092;magneticHeading 31.11043, acceleration0.0627995, -0.9950625, -0.1721725;gyro.attitude -0.6085961, 0.167555, 0.2321894, -0.7400163;gyro.attitude.eulerAngles 55.3795,290.9427,285.455
1627501;103.9882, 30.7687, 3.790092, 492.2394, 3.790092;magneticHeading 31.11043, acceleration0.0627995, -0.9950625, -0.1721725;gyro.attitude -0.6085961, 0.167555, 0.2321894, -0.7400163;gyro.attitude.eulerAngles 55.3795,290.9427,285.455
1627624;103.9882, 30.7687, 3.790092, 492.2394, 3.790092;magneticHeading 30.95277, acceleration0.0199775, -0.9715165, -0.3275395;gyro.attitude -0.5973698, 0.1698493, 0.2435474, -0.7449733;gyro.attitude.eulerAngles 53.83457,292.7917,286.5066
1627634;103.9882, 30.7687, 3.790092, 492.2394, 3.790092;magneticHeading 34.99525, acceleration0.0199775, -0.9715165, -0.3275395;gyro.attitude -0.5907278, 0.1706878, 0.2492013, -0.7482011;gyro.attitude.eulerAngles 53.02474,293.9138,287.2019
1627746;103.9882, 30.7687, 3.790092, 492.2394, 3.790092;magneticHeading 31.52349, acceleration-0.004575, -0.888526, -0.338672;gyro.attitude -0.5790042, 0.1676732, 0.2565195, -0.7555379;gyro.attitude.eulerAngles 52.0825,296.4041,288.7865
1627759;103.9882, 30.7687, 3.790092, 492.2394, 3.790092;magneticHeading 32.43706, acceleration0.1420385, -1.023397, -0.34831;gyro.attitude -0.5761265, 0.1722795, 0.2590894, -0.7558245;gyro.attitude.eulerAngles 51.41002,296.3444,288.8865
1627994;103.9882, 30.7687, 3.790092, 491.4484, 3.790092;magneticHeading 26.9409, acceleration0.0282735, -0.8539695, -0.112484;gyro.attitude -0.5646446, 0.1614437, 0.2661034, -0.7643961;gyro.attitude.eulerAngles 51.01429,299.5448,290.5395
1628004;103.9882, 30.7687, 3.790092, 491.4484, 3.790092;magneticHeading 31.12664, acceleration0.0168055, -0.8716595, -0.3024075;gyro.attitude -0.5579195, 0.1583933, 0.268812, -0.7690107;gyro.attitude.eulerAngles 50.61829,301.0518,291.5381
1628128;103.9882, 30.7687, 3.790092, 491.4484, 3.790092;magneticHeading 39.35656, acceleration0.0670695, -0.927444, -0.478057;gyro.attitude -0.5161669, 0.1560385, 0.2869496, -0.7917598;gyro.attitude.eulerAngles 46.70313,307.6024,296.171
1628137;103.9882, 30.7687, 3.790092, 491.4484, 3.790092;magneticHeading 43.92108, acceleration0.07625, -0.9671245, -0.60024;gyro.attitude -0.5077374, 0.1527753, 0.2900769, -0.7966919;gyro.attitude.eulerAngles 46.08647,309.1326,297.1151
1628263;103.9882, 30.7687, 3.790092, 491.4484, 3.790092;magneticHeading 38.08294, acceleration0.08125199, -0.904386, -0.5328655;gyro.attitude -0.5063791, 0.1388095, 0.2979106, -0.7972211;gyro.attitude.eulerAngles 46.44279,310.6208,296.704
1628274;103.9882, 30.7687, 3.790092, 491.4484, 3.790092;magneticHeading 38.65145, acceleration0.08125199, -0.904386, -0.5328655;gyro.attitude -0.5100849, 0.1335697, 0.2999987, -0.7949675;gyro.attitude.eulerAngles 46.95857,310.575,296.04
1628402;103.9882, 30.7687, 3.790092, 491.4484, 3.790092;magneticHeading 33.61316, acceleration0.005551, -0.883524, -0.5243255;gyro.attitude -0.5267463, 0.12443, 0.3003685, -0.7853879;gyro.attitude.eulerAngles 48.82052,308.9724,293.6984
1628410;103.9882, 30.7687, 3.790092, 491.4484, 3.790092;magneticHeading 33.61316, acceleration0.005551, -0.883524, -0.5243255;gyro.attitude -0.5267463, 0.12443, 0.3003685, -0.7853879;gyro.attitude.eulerAngles 48.82052,308.9724,293.6984
